SLO922	2	3	2	7	3	1	11
SLO711	7	1	3	1	1	15	13
SLO944	1	2	9	6	2	ocs	20
SLO311	5	9	1	3	9	2	20
SLO64	24	11	4	12	6	9	42
SLO811	28	28	5	2	4	4	43
SLO758	31	7	11	8	13	6	45
ITA8765	20	8	17	4	5	18	52
SLO952	10	5	12	9	19	19	55
SLO666	8	41	14	11	11	13	57
SLO411	27	19	10	13	8	12	62
SLO750	15	6	22	51	10	10	63
SLO1212	21	10	13	34	15	8	67
SLO1005	11	15	28	29	12	5	71
ITA8874	26	4	6	16	28	ocs	80
SLO913	19	18	19	14	24	14	84
SLO310	12	32	7	18	17	36	86
SLO951	14	16	27	22	ocs	16	95
SLO87	6	35	15	17	27	37	100
SLO228	18	38	24	21	ocs	3	104
SLO377	4	17	26	41	16	44	104
SLO1860	17	21	23	24	22	31	107
SLO255	3	13	8	5	ocs	ocs	108
SLO58	22	37	20	19	30	26	117
ITA9032	45	33	16	37	7	25	118
SLO512	32	14	35	39	20	22	123
SLO525	43	22	30	45	25	7	127
ITA9033	9	29	32	28	33	48	131
SLO911	33	42	37	30	14	17	131
SLO511	36	23	41	25	35	20	139
ITA7369	dns	30	39	20	41	11	141
SLO677	16	31	44	44	29	24	144
ITA8063	29	44	31	26	31	27	144
SLO234	23	12	dsq	10	21	ocs	145
SLO368	25	24	18	47	39	40	146
SLO956	34	39	36	15	32	38	155
SLO111	35	34	34	33	23	41	159
SLO875	dns	43	25	23	37	32	160
SLO958	30	20	38	32	43	42	162
SLO678	40	45	33	35	34	30	172
SLO189	37	26	47	27	38	ocs	175
SLO955	41	40	45	31	47	23	180
ITA8779	dns	36	46	38	42	21	183
SLO759	dns	46	21	53	45	29	194
SLO1862	42	54	29	52	40	35	198
SLO728	56	25	49	36	50	46	206
SLO395	38	51	53	42	36	39	206
SLO524	51	47	40	48	46	34	215
ITA8764	dns	dns	dns	18	28		13
ITA8961	52	49	58	40	51	33	225
SLO912	39	56	43	43	52	58	233
SLO618	47	58	54	46	44	55	246
SLO188	60	27	62	55	58	52	252
SLO443	44	52	55	56	54	49	254
SLO739	61	53	42	58	49	56	258
ITA8761	50	55	51	50	61	53	259
ITA8240	59	50	60	59	48	45	261
SLO393	49	48	48	60	57	59	261
ITA8499	58	60	50	49	56	51	264
SLO526	46	57	57	64	55	57	272
SLO689	48	dns	dns	dns	26	43	275
SLO668	dns	62	61	62	53	50	288
SLO37	53	65	59	61	60	60	293
ITA8998	55	59	64	54	64	61	293
SLO855	63	61	52	65	62	62	300
ITA7072	62	64	dns	57	65	54	302
SLO729	54	66	dns	dns	63	47	309
SLO523	57	63	56	63	dns	dns	318
SLO984	dns	67	63	dns	dns	dns	367
SLO849	dns	dns	dns	dns	59	dns	375
SLO957	dns	68	dns	dns	dns	dns	384
SLO949	dns	69	dns	dns	dns	dns	385
SLO9	dns	70	dns	dns	dns	dns	386
SLO93	dns	dns	dns	dns	dns	dns	395
SLO2112	dns	dns	dns	dns	dns	dns	395
SLO611	dns	dns	dns	dns	dns	dns	395
SLO962	dns	dns	dns	dns	dns	dns	395
SLO918	dns	dns	dns	dns	dns	dns	395
