SLO711	1	2	1	(ufd)	3	1	1	9
11	2	1	2	2	5	2	-14	14
HUN918	4	6	9	5	2	-12	1	27
SLO922	6	2	12	4	2	-13	5	31
SLO944	2	1	5	(ret)	15	6	3	32
ITA8953	9	5	8	1	6	3	-10	32
ITA7926	4	9	6	-15	5	3	5	32
HUN1313	-13	3	1	10	1	11	8	34
SLO758	6	4	3	9	10	-14	2	34
SLO255	5	6	9	-16	7	2	6	35
ITA8037	3	11	4	-14	3	14	7	42
ITA9074	10	8	2	(ufd)	12	5	6	43
ITA8386	-13	7	5	4	9	9	11	45
ITA8340	1	19	10	6	-26	8	4	48
SLO811	11	-20	3	6	19	7	3	49
SLO1212	9	9	4	-11	10	10	11	53
SLO411	7	5	8	12	-25	4	20	56
SLO750	12	8	10	5	13	-26	13	61
HUN901	-26	14	20	8	8	4	9	63
SLO64	14	10	12	7	15	5	-23	63
SLO311	5	3	6	(ret)	4	21	26	65
SLO377	7	7	14	10	17	-22	12	67
ITA6981	8	-22	14	8	11	6	22	69
ITA8341	-25	11	7	9	11	17	17	72
SLO952	12	10	13	18	-20	8	16	77
ITA8815	17	19	(ret)	19	8	15	4	82
ITA8308	20	21	18	(ufd)	4	7	17	87
ITA8874	3	-12	dne	1	12	10	7	93
SLO234	18	17	16	7	20	-21	15	93
SLO666	17	12	-24	20	9	20	15	93
SLO228	11	13	11	18	14	-30	29	96
SLO913	14	16	11	14	23	19	-25	97
ITA96	16	13	7	12	27	-29	24	99
SLO1005	8	15	(dsq)	1				103
SLO511	15	26	19	25	27	23	-38	135
SLO951	18	-28	27	23	21	22	24	135
AUT1150	10	18	15	27	35	-40	31	136
ITA9045	(dns)	dns	dns	3	1	13	2	139
ITA7707	25	27	22	29	7	32	-33	142
SUI1860	21	20	13	32	-37	28	28	142
SLO875	28	29	31	17	21	-35	18	144
SLO677	20	21	26	24	-41	32	25	148
ITA7803	29	25	15	24	-43	16	41	150
ITA8853	(dns)	dns	dns	3	19	1	10	153
ITA8832	(dns)	dns	dns	2	6	18	9	155
SLO525	30	30	21	(ufd)	24	24	26	155
SLO395	16	30	24	(ufd)	31	26	31	158
SLO759	36	33	18	27	28	17	-40	159
SLO669	30	-44	21	22	34	24	28	159
SLO368	27	24	29	20	-40	30	34	164
ITA8954	45	45	41	(ufd)	16	12	8	167
SLO2112VID	31	14	28	(ufd)	34	34	27	168
ITA87	21	(dns)	dns	31	30	15	14	171,5
ITA8063	32	31	17	21	-40	33	38	172
SUI1862LUKAS	31	32	32	22	38	(dns)	21	176
SLO956	28	25	25	-36	33	31	36	178
ITA8581	34	-36	23	35	30	27	35	184
SLO111	27	24	28	28	39	39	-41	185
ITA8726	-38	17	35	37	36	28	36	189
SLO911	29	29	30	34	37	31	-47	190
SLO955	33	32	32	36	24	-42	35	192
SLO678	34	28	29	34	-42	38	30	193
SLO958	19	31	33	33	42	41	-43	199
ITA8184	33	33	34	26	32	41	-45	199
ITA8652	(dns)	dns	dns	28	22	20	19	209
ITA9003	(dns)	dns	dns	26	23	18	23	210
SLO93	32	27	34	40	38	-48	42	213
ITA8886	35	34	27	38	-45	43	40	217
ITA8793	-43	42	40	31	29	33	42	217
ITA8499	35	34	(dns)	33	45	37	34	218
SLO618	42	39	36	38	-48	40	32	227
ITA9032	(dns)	dns	dns	21	14	45	29	229
ITA8388	37	35	30	35	48	-50	46	231
ITA8952	(dns)	dns	dns	19	18	ret	18	235
SLO631	38	36	35	37	-46	44	45	235
ITA7356	(dns)	dns	dns	32	28	27	30	237
SLO527	39	42	36	42	41	-44	37	237
ITA6445	42	41	17	41	(ufd)	47	50	238
ITA8779	(dns)	dns	dns	30	32	25	33	240
SLO912	41	39	39	39	39	46	(ufd)	243
SUI1824	(dns)	dns	dns	30	18	39	39	246
SLO524	43	38	31	43	43	(ufd)	50	248
SLO393	26	37	(dns)	ufd	44	35	49	251
SLO984	39	41	33	46	51	46	-52	256
SLO443	37	43	37	43	50	-52	47	257
SLO523	41	37	38	45	-49	49	48	258
ITA6959	40	35	38	50	47	-51	49	259
ITA7369	(dns)	dns	dns	29	36	36	39	260
ITA6	40	40	37	42	53	48	-54	260
SLO188	36	38	(dns)	41	53	53	44	265
SLO526	44	40	40	44	52	47	-55	267
SLO189	(dns)	dns	dns	ufd	25	37	32	274
ITA8058	(dns)	dns	dns	39	49	34	44	286
ITA8761	(dns)	dns	dns	40	44	43	46	293
SLO821	(dns)	dns	dns	45	46	45	43	299
ITA8336	45	45	(dns)	51	55	55	51	302
ITA8988	44	44	(dns)	52	dns	54	57	311
ITA8983	(dns)	dns	dns	ufd	47	42	48	317
ITA5	(dns)	dns	dns	47	50	50	51	318
SLO520	(dns)	dns	dns	49	51	51	52	323
ITA111	(dns)	43	dns	46	56	dns	dns	325
SLO668	(dns)	dns	dns	48	52	52	53	325
ITA7162	(dns)	dns	39	48	dns	dns	dns	327
ITA8275	(dns)	dns	dns	47	dns	49	53	329
SLO962	(dns)	dns	41	dns	54	dns	56	331
SLO855	(dns)	dns	dns	50	54	53	dns	337
L1	(dns)	dns	dns	49	55	dns	58	342
SLO611	(dns)	dns	dns	44	dns	dns	dns	344
ITA3	(dns)	dns	dns	dns	dns	dns	dns	360
