SLO711	1	2	-29	2	2	7
ITA8699	1	3	2	-16	2	8
SLO211	-7	3	2	1	4	10
GER1023	-5	4	5	4	1	14
HUN12946	2	(BFD)	3	9	6	20
CRO1077	2	-14	1	12	6	21
CRO1065	17	1	6	1	-22	25
HUN918	11	7	-28	6	1	25
HUN2005	6	-10	3	8	9	26
SLO64	-21	11	5	4	7	27
HUN1	6	5	-22	9	8	28
HUN1327	(BFD)	12	10	7	3	32
CRO1147	12	(DNF)	12	2	7	33
SLO1005	-16	2	9	12	11	34
SLO922	3	-22	10	19	3	35
HUN703	9	-17	11	3	12	35
SLO187	-20	8	14	10	4	36
HUN378	5	9	17	-29	5	36
CZE681	14	16	4	-18	5	39
SLO399	(BFD)	9	11	5	19	44
AUT1080	22	-37	13	3	9	47
CRO1168	(BFD)	18	8	8	13	47
HUN1331	-29	12	7	21	10	50
HUN230	9	4	-51	18	21	52
SLO311	-27	13	8	11	20	52
CRO1196	28	5	1	23	-43	57
ITA8765	8	-27	6	25	18	57
SLO228	14	11	17	15	(DSQ)	57
SLO952	4	-26	24	17	13	58
SLO750	24	-35	16	10	10	60
CRO1092	19	17	-43	13	12	61
HUN1313	12	(BFD)	27	15	8	62
HUN1304	10	20	15	17	(DNS)	62
ITA1	23	7	19	-51	14	63
SLO411	15	10	28	14	-46	67
GER13582	7	-40	26	13	22	68
CRO1072	15	22	-50	14	19	70
HUN1343	38	-47	12	5	17	72
SLO1002	-36	21	20	16	15	72
SLO93	18	15	22	-24	18	73
CRO1032	10	(BFD)	25	21	28	84
SLO944	11	27	-53	22	24	84
SLO1035	13	16	39	-54	16	84
HUN1311	18	24	-32	25	20	87
HUN1332	19	-36	14	35	21	89
ITA7621	(DNF)	8	34	38	14	94
ITA581	33	20	13	28	-36	94
HUN12943	26	(BFD)	21	27	23	97
CRO1188	23	15	29	31	-34	98
AUT1231	20	-45	18	33	27	98
HUN910	13	6	-51	47	33	99
SLO811	25	28	26	22	-30	101
CRO1202	(BFD)	6	4	7	RET	103
ITA8386	(BFD)	13	27	29	34	103
GER12646	29	28	20	26	(DNS)	103
SLO87	40	25	15	24	(DSQ)	104
HUN707	25	21	33	-45	25	104
CRO1140	17	18	33	-47	37	105
ITA7803	3	24	34	45	-56	106
ITA8385	-48	14	24	48	23	109
SLO913	24	34	19	-36	32	109
ITA8778	-50	33	30	34	15	112
CRO10	(BFD)	39	18	20	35	112
ITA8337	-59	19	43	20	30	112
GER13580	32	32	9	40	-51	113
HUN1377	41	-49	7	32	38	118
CRO1137	30	26	38	-53	25	119
HUN12944	31	-49	40	36	16	123
SLO951	39	1	46	-51	40	126
CRO1078	22	29	35	40	-44	126
ITA8722	32	32	-45	26	37	127
HUN1347	37	-48	38	42	11	128
HUN1811	34	30	31	-57	33	128
SLO377	-43	41	16	33	41	131
SLO189	(BFD)	29	39	27	36	131
AUT1848	27	31	46	28	-47	132
SLO666	34	-46	37	32	29	132
ITA8852	(BFD)	25	52	42	17	136
ITA8384	16	19	DNE	19	-41	140
AUT1205	(BFD)	BFD	25	6	24	141
SLO678	-60	23	32	57	29	141
ITA8308	(BFD)	23	47	39	35	144
CRO1114	(BFD)	41	45	30	28	144
MLT202	26	34	35	50	(BFD)	145
SLO395	-45	37	31	34	45	147
HUN704	8	(BFD)	DNE	23	31	148
HUN376	21	44	42	41	-48	148
SLO234	(BFD)	40	23	46	39	148
SLO654	33	54	-61	35	26	148
HUN901	(BFD)	42	36	44	26	148
ITA7908	4	35	(DSQ)	60	52	151
HUN1310	42	31	55	-58	27	155
HUN148	28	50	(DNS)	43	42	163
SLO669	38	(BFD)	42	31	54	165
HUN714	-58	39	40	41	46	166
HUN238	(DNF)	38	54	50	32	174
CRO107	30	30	58	-68	58	176
HUN374	31	45	49	-56	51	176
SLO911	35	44	57	-59	43	179
AUT1256	44	36	52	-60	53	185
SLO368	-63	56	30	52	48	186
SLO525	-61	54	37	49	49	189
SLO758	(BFD)	38	63	39	49	189
AUT1271	39	(DNF)	50	38	62	189
ITA7241	53	46	48	-67	42	189
ITA7926	(DNF)	DNF	23	43	38	190
SLO887	51	42	60	-62	39	192
SLO631	-57	43	57	46	53	199
ITA7835	(BFD)	33	DSQ	37	45	201
SLO91	(BFD)	59	36	49	57	201
CRO1116	(BFD)	BFD	21	11	UFD	204
CRO1139	37	56	59	52	-61	204
SLO511	40	(DNF)	55	62	47	204
SLO2112	(DNF)	DNF	44	44	31	205
ITA6642	41	(DNF)	41	65	59	206
CRO109	56	50	-69	55	50	211
HUN232	36	47	64	-69	65	212
CRO884	(BFD)	52	67	54	40	213
SLO999	42	60	54	-64	57	213
SLO846	35	48	66	-70	67	216
CRO1136	(BFD)	53	63	56	44	216
AUT1150	(BFD)	43	62	59	54	218
SLO1001	46	57	53	63	-64	219
SLO587	48	62	48	-72	61	219
SLO376	-67	51	59	58	52	220
ITA8383	(DNF)	DNF	49	30	60	225
SLO375	55	55	60	55	-62	225
ITA7355	62	52	58	-70	58	230
SLO522	43	(DNF)	65	61	63	232
SLO912	44	63	-69	66	59	232
SLO524	47	61	55	-76	69	232
SLO849	46	58	64	-67	67	235
ITA12	49	53	(DSQ)	48	DNE	236
SLO521	52	60	-72	68	56	236
AUT2008	-69	64	47	66	60	237
SLO956	(DSQ)	59	56	37	BFD	238
SLO955	(BFD)	51	65	61	63	240
SLO821	47	61	68	-71	66	242
CRO1130	(DNF)	DNF	44	63	50	243
SLO523	-66	63	62	65	55	245
SLO843	50	57	74	-75	72	253
SLO847	65	58	66	-71	66	255
ITA8499	45	(DNF)	70	73	68	256
SLO981	54	62	73	-74	70	259
CRO973	(BFD)	55	DSQ	64	55	260
SLO69	64	66	67	-69	65	262
SLO338	49	(DNF)	71	72	71	263
SLO1802	(BFD)	DNF	61	53	64	264
SLO855	71	67	70	-73	68	276
CRO927	70	65	68	(DNS)	DNS	289
HUN375	(BFD)	BFD	41	DSQ	DNE	299
SLO372	51	(DNF)	DNS	DNS	DNS	309
SLO96	(DNF)	DNF	75	78	73	312
SLO188	(DNF)	DNF	72	77	DNS	321
ITA8	68	(DNF)	DNS	DNS	DNF	326
SLO356	(DNF)	DNF	71	DNS	DNS	329
SLO6	(DNF)	DNF	DNS	DNS	DNS	344
SLO111	(DNF)	DNF	DNF	DNS	DNS	344
SLO984	(DNF)	DNF	DNS	DNS	DNS	344
CRO1117	(DNF)	DNF	DNF	DNS	DNS	344
SLO379	(BFD)	DNF	DNF	DNS	DNS	344
SLO59	(DNF)	DNF	DNS	DNS	DNS	344
ITA7501	(DNF)	DNF	DNF	DNS	DNS	344
ITA8494	(DNF)	DNF	DNS	DNS	DNS	344
ITA8184	(DNF)	DNF	DNS	DNS	DNS	344
ITA8815	(DNF)	DNF	DNF	DNS	DNS	344
ITA8728	(DNF)	DNF	DNF	DNS	DNS	344
ITA8367	(DNF)	DNF	DNS	DNS	DNS	344
ITA8730	(DNF)	DNF	DNS	DNS	DNS	344
SLO845	(DNF)	DNF	DNF	DNS	DNS	344
