SLO711	3	1	1	2	2	5	3	-8
SLO922	1	2	4	3	3	-6	3	1
AUT1053	2	2	-7	5	5	2	6	6
SLO255	3	3	-12	2	7	4	5	4
HUN918	14	BFD	1	6	2	2	1	5
AUT1205	13	BFD	4	4	9	1	2	3
SLO1212	27	BFD	2	1	1	3	4	1
HUN2005	13	9	3	1	6	5	2	-19
HUN1331	2	4	7	3	5	11	9	-17
HUN1327	-21	16	2	8	1	1	4	10
SLO750	-38	3	5	4	4	4	19	4
HUN1379	10	10	3	9	3	7	7	-11
AUT1188	DNS	10	5	10	6	7	9	5
SLO811	8	5	DNS	6	10	9	14	8
SLO944	12	6	13	8	-14	11	1	12
HUN1343	6	4	10	24	14	9	-35	7
SLO228	1	BFD	6	12	15	16	17	10
SLO64	9	BFD	12	15	12	14	7	11
HUN901	11	13	15	16	-18	12	10	7
SLO1005	5	26	11	-31	20	6	12	6
HUN909	7	-20	17	13	20	10	11	9
ITA7621	5	1	22	10	15	20	16	-24
HUN1313	25	BFD	8	20	4	18	5	9
HUN704	4	BFD	24	7	12	15	13	20
HUN58	4	8	-30	11	26	13	22	13
HUN1912	8	15	16	15	28	8	8	DNS
SLO311	17	15	-21	12	13	12	19	13
SLO758	9	11	9	17	11	BFD	24	21
SLO952	6	12	-28	28	22	15	8	14
SLO234	10	11	-28	28	16	18	10	14
AUT1231	DNS	DNS	20	5	8	3	11	3
HUN148	20	6	14	-29	22	13	27	12
HUN1311	16	8	-26	21	8	14	26	22
AUT1255	DNS	DNS	8	11	10	19	6	2
SLO87	28	9	19	9	9	22	22	-29
HUN1304	19	19	20	20	-24	10	12	22
SLO666	18	BFD	11	19	17	24	20	15
HUN375	11	5	16	-29	29	24	21	20
HUN1310	16	28	19	-32	23	8	20	18
HUN238	14	14	21	19	17	21	-38	27
SLO411	26	BFD	6	25	26	21	16	16
SLO951	18	18	25	24	7	17	-29	29
SLO956	-40	22	10	21	16	36	18	19
AUT1351	DNS	DNS	15	7	27	16	15	2
HUN1337	29	21	14	17	19	28	-33	17
AUT996	35	BFD	24	25	11	23	13	16
SLO913	15	7	18	22	25	BFD	27	35
ITA11	7	27	18	16	31	38	23	-40
SLO395	-34	19	29	14	34	22	18	25
SVK12	33	7	9	35	-42	19	26	37
SLO512	BFD	27	13	18	21	23	30	34
SLO525	23	17	38	23	30	BFD	17	23
ITA8341	15	17	DNS	13	13	DNS	32	28
HUN950	30	13	32	-43	40	20	21	26
SLO377	19	BFD	27	22	24	33	36	24
SLO189	20	OCS	29	34	34	17	31	21
HUN232	22	OCS	22	37	38	26	28	15
HUN714	26	22	27	26	27	30	-33	32
AUT1848	DNS	DNS	17	18	25	29	14	28
SLO372	-50	20	38	23	28	25	32	30
HUN372	33	23	23	26	30	34	29	DNS
SLO111	25	36	UFD	33	18	31	34	25
ITA6588	12	24	35	36	23	-41	39	35
HUN1322	44	12	23	31	(ret)	25	30	39
HUN12944	35	33	26	14	33	30	35	-40
HUN12946	23	21	39	27	37	35	28	-42
SLO631	30	30	34	-45	36	28	25	31
SLO511	38	34	-41	33	31	29	25	26
SLO677	37	32	33	38	36	UFD	24	18
ITA8308	17	BFD	32	39	35	37	41	23
CZE829	22	BFD	30	35	19	bfd	23	34
SLO875	32	18	36	32	35	34	40	-41
AUT1004	DNS	DNS	39	30	39	27	15	27
SLO955	28	31	31	40	-42	33	39	36
HUN419	34	29	-42	41	38	26	38	33
HUN1260	32	37	37	39	-41	27	37	33
AUT1178	DNS	23	25	38	33	bfd	31	32
SLO310	27	26	37	36	40	35	-48	44
SLO849	36	25	45	37	37	31	36	-47
SLO2112	31	BFD	41	41	21	39	40	37
SLO527	40	35	40	42	-43	32	37	39
ITA7707	31	24	31	30	32	DNS	DNS	DNS
SLO958	42	25	35	-47	46	42	44	38
SLO729	39	38	34	-43	39	40	42	41
HUN378	24	14	(ret)	27	29	DNS	DNS	DNS
ITA7908	DNS	DNS	44	44	32	32	34	30
SLO724	29	BFD	42	40	41	38	45	43
ITA8388	21	37	43	46	48	40	-49	49
SLO911	36	16	33	34	45	DNS	DNS	DNS
SLO821	-48	28	43	46	44	36	46	46
ITA8886	47	30	46	44	44	41	43	-48
SLO368	DNF	35	36	42	43	bfd	42	45
SLO912	43	BFD	40	48	45	39	47	42
SLO188	45	29	46	-49	49	46	47	43
SLO728	DNF	39	47	50	48	43	45	36
SLO759	37	31	44	45	47	45	DNS	DNS
SLO587	DNS	DNS	48	47	47	37	44	31
SMR2	51	32	47	50	50	44	43	DNS
SLO37	DNF	36	50	48	46	42	50	50
SLO93	39	34	49	DNS	49	45	DNS	DNS
SLO393	24	41	DNS	52	DNS	DNS	46	DNS
ITA8206	BFD	40	48	51	DNS	DNS	DNS	DNS
SLO678	DNS	DNS	DNS	DNS	DNS	bfd	41	38
ITA8581	46	BFD	45	49	DNS	DNS	DNS	DNS
ITA4535	DNS	33	49	DNS	DNS	DNS	DNS	DNS
SLO526	49	DNS	DNS	DNS	DNS	43	DNS	DNS
ITA5	DNS	DNS	DNS	53	DNS	44	DNS	DNS
CZE774	41	DNS	DNS	DNS	DNS	DNS	DNS	DNS
SLO855	DNS	DNS	DNS	DNS	DNS	DNS	DNS	DNS
SLO91	DNS	DNS	DNS	DNS	DNS	DNS	DNS	DNS
ITA111	DNS	DNS	DNS	DNS	DNS	DNS	DNS	DNS
SLO373	DNS	DNS	DNS	DNS	DNS	DNS	DNS	DNS
SLO1260	DNS	DNS	DNS	DNS	DNS	DNS	DNS	DNS
SLO984	DNS	DNS	DNS	DNS	DNS	DNS	DNS	DNS
SLO611	DNS	DNS	DNS	DNS	DNS	DNS	DNS	DNS
SLO916	DNS	DNS	DNS	DNS	DNS	DNS	DNS	DNS
SLO962	DNS	DNS	DNS	DNS	DNS	DNS	DNS	DNS
SLO949	DNS	DNS	DNS	DNS	DNS	DNS	DNS	DNS
SLO9	DNS	DNS	DNS	DNS	DNS	DNS	DNS	DNS
